%% cgpopsIPOPTSolutionHD12.m
% initnuminterval = 10, initcolpts = 4
% Phase = 0, currnuminterval = 10, currcolpts = 40
% LavrentievConstraintFlagG = 0
% MeshIterG = 1
iterIPOPTHD = 0;

NLPobjIPOPTHD = 0.0000000000000000000000000e+00;
runTimeIPOPTHD = 1.4566000000000000821898105e-02;


nx(1) = 3;
nu(1) = 2;
nq(1) = 0;
Nt(1) = 40;
ns = 3;
systemHD.phase(1).x(1).point(1) = 9.9999999999999977795539507e-01;
systemHD.phase(1).x(1).point(2) = 9.9999999999999977795539507e-01;
systemHD.phase(1).x(1).point(3) = 9.9999999999999977795539507e-01;
systemHD.phase(1).x(1).point(4) = 9.9999999999999977795539507e-01;
systemHD.phase(1).x(1).point(5) = 9.9999999999999977795539507e-01;
systemHD.phase(1).x(1).point(6) = 9.9999999999999977795539507e-01;
systemHD.phase(1).x(1).point(7) = 9.9999999999999977795539507e-01;
systemHD.phase(1).x(1).point(8) = 9.9999999999999977795539507e-01;
systemHD.phase(1).x(1).point(9) = 9.9999999999999977795539507e-01;
systemHD.phase(1).x(1).point(10) = 9.9999999999999977795539507e-01;
systemHD.phase(1).x(1).point(11) = 9.9999999999999977795539507e-01;
systemHD.phase(1).x(1).point(12) = 9.9999999999999977795539507e-01;
systemHD.phase(1).x(1).point(13) = 9.9999999999999977795539507e-01;
systemHD.phase(1).x(1).point(14) = 9.9999999999999977795539507e-01;
systemHD.phase(1).x(1).point(15) = 9.9999999999999977795539507e-01;
systemHD.phase(1).x(1).point(16) = 9.9999999999999977795539507e-01;
systemHD.phase(1).x(1).point(17) = 9.9999999999999977795539507e-01;
systemHD.phase(1).x(1).point(18) = 9.9999999999999977795539507e-01;
systemHD.phase(1).x(1).point(19) = 9.9999999999999977795539507e-01;
systemHD.phase(1).x(1).point(20) = 9.9999999999999977795539507e-01;
systemHD.phase(1).x(1).point(21) = 9.9999999999999977795539507e-01;
systemHD.phase(1).x(1).point(22) = 9.9999999999999977795539507e-01;
systemHD.phase(1).x(1).point(23) = 9.9999999999999977795539507e-01;
systemHD.phase(1).x(1).point(24) = 9.9999999999999977795539507e-01;
systemHD.phase(1).x(1).point(25) = 9.9999999999999977795539507e-01;
systemHD.phase(1).x(1).point(26) = 9.9999999999999977795539507e-01;
systemHD.phase(1).x(1).point(27) = 9.9999999999999977795539507e-01;
systemHD.phase(1).x(1).point(28) = 9.9999999999999977795539507e-01;
systemHD.phase(1).x(1).point(29) = 9.9999999999999977795539507e-01;
systemHD.phase(1).x(1).point(30) = 9.9999999999999977795539507e-01;
systemHD.phase(1).x(1).point(31) = 9.9999999999999977795539507e-01;
systemHD.phase(1).x(1).point(32) = 9.9999999999999977795539507e-01;
systemHD.phase(1).x(1).point(33) = 9.9999999999999977795539507e-01;
systemHD.phase(1).x(1).point(34) = 9.9999999999999977795539507e-01;
systemHD.phase(1).x(1).point(35) = 9.9999999999999977795539507e-01;
systemHD.phase(1).x(1).point(36) = 9.9999999999999977795539507e-01;
systemHD.phase(1).x(1).point(37) = 9.9999999999999977795539507e-01;
systemHD.phase(1).x(1).point(38) = 9.9999999999999977795539507e-01;
systemHD.phase(1).x(1).point(39) = 9.9999999999999977795539507e-01;
systemHD.phase(1).x(1).point(40) = 9.9999999999999977795539507e-01;
systemHD.phase(1).x(1).point(41) = 9.0000000000000000000000000e+00;
systemHD.phase(1).x(2).point(1) = 4.9999999999999988897769754e-01;
systemHD.phase(1).x(2).point(2) = 5.1061702691195753889275011e-01;
systemHD.phase(1).x(2).point(3) = 5.2952665677796328935755810e-01;
systemHD.phase(1).x(2).point(4) = 5.4557060202436502560630061e-01;
systemHD.phase(1).x(2).point(5) = 5.4999999999999993338661852e-01;
systemHD.phase(1).x(2).point(6) = 5.6061702691195758330167109e-01;
systemHD.phase(1).x(2).point(7) = 5.7952665677796333376647908e-01;
systemHD.phase(1).x(2).point(8) = 5.9557060202436451490370928e-01;
systemHD.phase(1).x(2).point(9) = 5.9999999999999997779553951e-01;
systemHD.phase(1).x(2).point(10) = 6.1061702691195762771059208e-01;
systemHD.phase(1).x(2).point(11) = 6.2952665677796337817540007e-01;
systemHD.phase(1).x(2).point(12) = 6.4557060202436455931263026e-01;
systemHD.phase(1).x(2).point(13) = 6.5000000000000002220446049e-01;
systemHD.phase(1).x(2).point(14) = 6.6061702691195767211951306e-01;
systemHD.phase(1).x(2).point(15) = 6.7952665677796342258432105e-01;
systemHD.phase(1).x(2).point(16) = 6.9557060202436460372155125e-01;
systemHD.phase(1).x(2).point(17) = 7.0000000000000006661338148e-01;
systemHD.phase(1).x(2).point(18) = 7.1061702691195771652843405e-01;
systemHD.phase(1).x(2).point(19) = 7.2952665677796346699324204e-01;
systemHD.phase(1).x(2).point(20) = 7.4557060202436464813047223e-01;
systemHD.phase(1).x(2).point(21) = 7.5000000000000011102230246e-01;
systemHD.phase(1).x(2).point(22) = 7.6061702691195776093735503e-01;
systemHD.phase(1).x(2).point(23) = 7.7952665677796351140216302e-01;
systemHD.phase(1).x(2).point(24) = 7.9557060202436469253939322e-01;
systemHD.phase(1).x(2).point(25) = 8.0000000000000015543122345e-01;
systemHD.phase(1).x(2).point(26) = 8.1061702691195780534627602e-01;
systemHD.phase(1).x(2).point(27) = 8.2952665677796355581108401e-01;
systemHD.phase(1).x(2).point(28) = 8.4557060202436473694831420e-01;
systemHD.phase(1).x(2).point(29) = 8.5000000000000019984014443e-01;
systemHD.phase(1).x(2).point(30) = 8.6061702691195784975519700e-01;
systemHD.phase(1).x(2).point(31) = 8.7952665677796360022000499e-01;
systemHD.phase(1).x(2).point(32) = 8.9557060202436478135723519e-01;
systemHD.phase(1).x(2).point(33) = 8.9999999999999968913755310e-01;
systemHD.phase(1).x(2).point(34) = 9.1061702691195733905260568e-01;
systemHD.phase(1).x(2).point(35) = 9.2952665677796308951741366e-01;
systemHD.phase(1).x(2).point(36) = 9.4557060202436482576615617e-01;
systemHD.phase(1).x(2).point(37) = 9.4999999999999973354647409e-01;
systemHD.phase(1).x(2).point(38) = 9.6061702691195738346152666e-01;
systemHD.phase(1).x(2).point(39) = 9.7952665677796313392633465e-01;
systemHD.phase(1).x(2).point(40) = 9.9557060202436487017507716e-01;
systemHD.phase(1).x(2).point(41) = 9.5000000000000000000000000e+00;
systemHD.phase(1).x(3).point(1) = -nan;
systemHD.phase(1).x(3).point(2) = -nan;
systemHD.phase(1).x(3).point(3) = -nan;
systemHD.phase(1).x(3).point(4) = -nan;
systemHD.phase(1).x(3).point(5) = -nan;
systemHD.phase(1).x(3).point(6) = -nan;
systemHD.phase(1).x(3).point(7) = -nan;
systemHD.phase(1).x(3).point(8) = -nan;
systemHD.phase(1).x(3).point(9) = -nan;
systemHD.phase(1).x(3).point(10) = -nan;
systemHD.phase(1).x(3).point(11) = -nan;
systemHD.phase(1).x(3).point(12) = -nan;
systemHD.phase(1).x(3).point(13) = -nan;
systemHD.phase(1).x(3).point(14) = -nan;
systemHD.phase(1).x(3).point(15) = -nan;
systemHD.phase(1).x(3).point(16) = -nan;
systemHD.phase(1).x(3).point(17) = -nan;
systemHD.phase(1).x(3).point(18) = -nan;
systemHD.phase(1).x(3).point(19) = -nan;
systemHD.phase(1).x(3).point(20) = -nan;
systemHD.phase(1).x(3).point(21) = -nan;
systemHD.phase(1).x(3).point(22) = -nan;
systemHD.phase(1).x(3).point(23) = -nan;
systemHD.phase(1).x(3).point(24) = -nan;
systemHD.phase(1).x(3).point(25) = -nan;
systemHD.phase(1).x(3).point(26) = -nan;
systemHD.phase(1).x(3).point(27) = -nan;
systemHD.phase(1).x(3).point(28) = -nan;
systemHD.phase(1).x(3).point(29) = -nan;
systemHD.phase(1).x(3).point(30) = -nan;
systemHD.phase(1).x(3).point(31) = -nan;
systemHD.phase(1).x(3).point(32) = -nan;
systemHD.phase(1).x(3).point(33) = -nan;
systemHD.phase(1).x(3).point(34) = -nan;
systemHD.phase(1).x(3).point(35) = -nan;
systemHD.phase(1).x(3).point(36) = -nan;
systemHD.phase(1).x(3).point(37) = -nan;
systemHD.phase(1).x(3).point(38) = -nan;
systemHD.phase(1).x(3).point(39) = -nan;
systemHD.phase(1).x(3).point(40) = -nan;
systemHD.phase(1).x(3).point(41) = -nan;
systemHD.phase(1).lam(1).point(1) = -0.0000000000000000000000000e+00;
systemHD.phase(1).lam(1).point(2) = -0.0000000000000000000000000e+00;
systemHD.phase(1).lam(1).point(3) = -0.0000000000000000000000000e+00;
systemHD.phase(1).lam(1).point(4) = -0.0000000000000000000000000e+00;
systemHD.phase(1).lam(1).point(5) = -0.0000000000000000000000000e+00;
systemHD.phase(1).lam(1).point(6) = -0.0000000000000000000000000e+00;
