%% cgpopsIPOPTSolutionHD1.m
% initnuminterval = 10, initcolpts = 4
% Phase = 0, currnuminterval = 10, currcolpts = 40
% LavrentievConstraintFlagG = 0
% MeshIterG = 1
iterIPOPTHD = 0;

NLPobjIPOPTHD = 0.0000000000000000000000000e+00;
runTimeIPOPTHD = 2.1986999999999999599875622e-02;


nx(1) = 3;
nu(1) = 2;
nq(1) = 0;
Nt(1) = 40;
ns = 0;
systemHD.phase(1).x(1).point(1) = 9.9999999999999977795539507e-01;
systemHD.phase(1).x(1).point(2) = 1.1698724305913221765962362e+00;
systemHD.phase(1).x(1).point(3) = 1.4724265084474119635871148e+00;
systemHD.phase(1).x(1).point(4) = 1.7291296323898368569871309e+00;
systemHD.phase(1).x(1).point(5) = 1.7999999999999998223643161e+00;
systemHD.phase(1).x(1).point(6) = 1.9698724305913222210051572e+00;
systemHD.phase(1).x(1).point(7) = 2.2724265084474124520852456e+00;
systemHD.phase(1).x(1).point(8) = 2.5291296323898362352622371e+00;
systemHD.phase(1).x(1).point(9) = 2.6000000000000000888178420e+00;
systemHD.phase(1).x(1).point(10) = 2.7698724305913224874586831e+00;
systemHD.phase(1).x(1).point(11) = 3.0724265084474122744495617e+00;
systemHD.phase(1).x(1).point(12) = 3.3291296323898369458049729e+00;
systemHD.phase(1).x(1).point(13) = 3.4000000000000007993605777e+00;
systemHD.phase(1).x(1).point(14) = 3.5698724305913231980014189e+00;
systemHD.phase(1).x(1).point(15) = 3.8724265084474129849922974e+00;
systemHD.phase(1).x(1).point(16) = 4.1291296323898372122584988e+00;
systemHD.phase(1).x(1).point(17) = 4.2000000000000001776356839e+00;
systemHD.phase(1).x(1).point(18) = 4.3698724305913225762765251e+00;
systemHD.phase(1).x(1).point(19) = 4.6724265084474119191781938e+00;
systemHD.phase(1).x(1).point(20) = 4.9291296323898370346228148e+00;
systemHD.phase(1).x(1).point(21) = 5.0000000000000000000000000e+00;
systemHD.phase(1).x(1).point(22) = 5.1698724305913223986408411e+00;
systemHD.phase(1).x(1).point(23) = 5.4724265084474126297209295e+00;
systemHD.phase(1).x(1).point(24) = 5.7291296323898359688087112e+00;
systemHD.phase(1).x(1).point(25) = 5.7999999999999989341858964e+00;
systemHD.phase(1).x(1).point(26) = 5.9698724305913213328267375e+00;
systemHD.phase(1).x(1).point(27) = 6.2724265084474124520852456e+00;
systemHD.phase(1).x(1).point(28) = 6.5291296323898366793514469e+00;
systemHD.phase(1).x(1).point(29) = 6.5999999999999996447286321e+00;
systemHD.phase(1).x(1).point(30) = 6.7698724305913220433694732e+00;
systemHD.phase(1).x(1).point(31) = 7.0724265084474122744495617e+00;
systemHD.phase(1).x(1).point(32) = 7.3291296323898365017157630e+00;
systemHD.phase(1).x(1).point(33) = 7.3999999999999994670929482e+00;
systemHD.phase(1).x(1).point(34) = 7.5698724305913218657337893e+00;
systemHD.phase(1).x(1).point(35) = 7.8724265084474120968138777e+00;
systemHD.phase(1).x(1).point(36) = 8.1291296323898372122584988e+00;
systemHD.phase(1).x(1).point(37) = 8.1999999999999992894572642e+00;
systemHD.phase(1).x(1).point(38) = 8.3698724305913216880981054e+00;
systemHD.phase(1).x(1).point(39) = 8.6724265084474119191781938e+00;
systemHD.phase(1).x(1).point(40) = 8.9291296323898361464443951e+00;
systemHD.phase(1).x(1).point(41) = 9.0000000000000000000000000e+00;
systemHD.phase(1).x(2).point(1) = 4.9999999999999988897769754e-01;
systemHD.phase(1).x(2).point(2) = 6.9110648441523758744864381e-01;
systemHD.phase(1).x(2).point(3) = 1.0314798220033387643468359e+00;
systemHD.phase(1).x(2).point(4) = 1.3202708364385662420659173e+00;
systemHD.phase(1).x(2).point(5) = 1.4000000000000001332267630e+00;
systemHD.phase(1).x(2).point(6) = 1.5911064844152378316977092e+00;
systemHD.phase(1).x(2).point(7) = 1.9314798220033391196182038e+00;
systemHD.phase(1).x(2).point(8) = 2.2202708364385657091588655e+00;
systemHD.phase(1).x(2).point(9) = 2.2999999999999998223643161e+00;
systemHD.phase(1).x(2).point(10) = 2.4911064844152379649244722e+00;
systemHD.phase(1).x(2).point(11) = 2.8314798220033390308003618e+00;
systemHD.phase(1).x(2).point(12) = 3.1202708364385665085194432e+00;
systemHD.phase(1).x(2).point(13) = 3.2000000000000006217248938e+00;
systemHD.phase(1).x(2).point(14) = 3.3911064844152383201958401e+00;
systemHD.phase(1).x(2).point(15) = 3.7314798220033389419825198e+00;
systemHD.phase(1).x(2).point(16) = 4.0202708364385664197016013e+00;
systemHD.phase(1).x(2).point(17) = 4.0999999999999996447286321e+00;
systemHD.phase(1).x(2).point(18) = 4.2911064844152377872887882e+00;
systemHD.phase(1).x(2).point(19) = 4.6314798220033388531646779e+00;
systemHD.phase(1).x(2).point(20) = 4.9202708364385667749729691e+00;
systemHD.phase(1).x(2).point(21) = 5.0000000000000000000000000e+00;
systemHD.phase(1).x(2).point(22) = 5.1911064844152381425601561e+00;
systemHD.phase(1).x(2).point(23) = 5.5314798220033383202576260e+00;
systemHD.phase(1).x(2).point(24) = 5.8202708364385662420659173e+00;
systemHD.phase(1).x(2).point(25) = 5.8999999999999994670929482e+00;
systemHD.phase(1).x(2).point(26) = 6.0911064844152384978315240e+00;
systemHD.phase(1).x(2).point(27) = 6.4314798220033386755289939e+00;
systemHD.phase(1).x(2).point(28) = 6.7202708364385665973372852e+00;
systemHD.phase(1).x(2).point(29) = 6.7999999999999998223643161e+00;
systemHD.phase(1).x(2).point(30) = 6.9911064844152370767460525e+00;
systemHD.phase(1).x(2).point(31) = 7.3314798220033390308003618e+00;
systemHD.phase(1).x(2).point(32) = 7.6202708364385660644302334e+00;
systemHD.phase(1).x(2).point(33) = 7.7000000000000001776356839e+00;
systemHD.phase(1).x(2).point(34) = 7.8911064844152374320174204e+00;
systemHD.phase(1).x(2).point(35) = 8.2314798220033384978933100e+00;
systemHD.phase(1).x(2).point(36) = 8.5202708364385664197016013e+00;
systemHD.phase(1).x(2).point(37) = 8.5999999999999996447286321e+00;
systemHD.phase(1).x(2).point(38) = 8.7911064844152377872887882e+00;
systemHD.phase(1).x(2).point(39) = 9.1314798220033388531646779e+00;
systemHD.phase(1).x(2).point(40) = 9.4202708364385649986161297e+00;
systemHD.phase(1).x(2).point(41) = 9.5000000000000000000000000e+00;
systemHD.phase(1).x(3).point(1) = -nan;
systemHD.phase(1).x(3).point(2) = -nan;
systemHD.phase(1).x(3).point(3) = -nan;
systemHD.phase(1).x(3).point(4) = -nan;
systemHD.phase(1).x(3).point(5) = -nan;
systemHD.phase(1).x(3).point(6) = -nan;
systemHD.phase(1).x(3).point(7) = -nan;
systemHD.phase(1).x(3).point(8) = -nan;
systemHD.phase(1).x(3).point(9) = -nan;
systemHD.phase(1).x(3).point(10) = -nan;
systemHD.phase(1).x(3).point(11) = -nan;
systemHD.phase(1).x(3).point(12) = -nan;
systemHD.phase(1).x(3).point(13) = -nan;
systemHD.phase(1).x(3).point(14) = -nan;
systemHD.phase(1).x(3).point(15) = -nan;
systemHD.phase(1).x(3).point(16) = -nan;
systemHD.phase(1).x(3).point(17) = -nan;
systemHD.phase(1).x(3).point(18) = -nan;
systemHD.phase(1).x(3).point(19) = -nan;
systemHD.phase(1).x(3).point(20) = -nan;
systemHD.phase(1).x(3).point(21) = -nan;
systemHD.phase(1).x(3).point(22) = -nan;
systemHD.phase(1).x(3).point(23) = -nan;
systemHD.phase(1).x(3).point(24) = -nan;
systemHD.phase(1).x(3).point(25) = -nan;
systemHD.phase(1).x(3).point(26) = -nan;
systemHD.phase(1).x(3).point(27) = -nan;
systemHD.phase(1).x(3).point(28) = -nan;
systemHD.phase(1).x(3).point(29) = -nan;
systemHD.phase(1).x(3).point(30) = -nan;
systemHD.phase(1).x(3).point(31) = -nan;
systemHD.phase(1).x(3).point(32) = -nan;
systemHD.phase(1).x(3).point(33) = -nan;
systemHD.phase(1).x(3).point(34) = -nan;
systemHD.phase(1).x(3).point(35) = -nan;
systemHD.phase(1).x(3).point(36) = -nan;
systemHD.phase(1).x(3).point(37) = -nan;
systemHD.phase(1).x(3).point(38) = -nan;
systemHD.phase(1).x(3).point(39) = -nan;
systemHD.phase(1).x(3).point(40) = -nan;
systemHD.phase(1).x(3).point(41) = -nan;
systemHD.phase(1).lam(1).point(1) = -0.0000000000000000000000000e+00;
systemHD.phase(1).lam(1).point(2) = -0.0000000000000000000000000e+00;
systemHD.phase(1).lam(1).point(3) = -0.0000000000000000000000000e+00;
systemHD.phase(1).lam(1).point(4) = -0.0000000000000000000000000e+00;
systemHD.phase(1).lam(1).point(5) = -0.0000000000000000000000000e+00;
systemHD.phase(1).lam(1).point(6) = -0.0000000000000000000000000e+00;
